=== prediction_last_step ===
N=40000
mse=1.2001428511823877e-06
rmse=0.0010955103154157827
mae=0.0006556954299158973
r2=0.9614858338745397

=== prediction_time_mean ===
N=40000
mse=5.827477281049641e-07
rmse=0.0007633791509498829
mae=0.0005134961781960403
r2=0.9812988572257401
